---
poses:
- x: -12.0
  y: 12.0
  heading: -2.356194490192345
- x: -22.0
  y: 12.0
  heading: 2.356194490192345
- x: -35.0
  y: 35.0
  heading: 2.356194490192345
- x: -43.0
  y: 43.0
  heading: 2.356194490192345
constraints:
  maximumVelocity: 12.0
  maximumAcceleration: 40.0
  maximumAngularVelocity: 3.141592653589793
  maximumAngularAcceleration: 6.283185307179586
resolution: 500
