---
poses:
- x: 12.0
  y: 12.0
  heading: 2.356194490192345
- x: 15.0
  y: 28.0
  heading: 0.7853981633974483
- x: 24.0
  y: 47.0
  heading: 0.7853981633974483
constraints:
  maximumVelocity: 15.0
  maximumAcceleration: 40.0
  maximumAngularVelocity: 3.141592653589793
  maximumAngularAcceleration: 6.283185307179586
resolution: 250
