---
poses:
- x: -12.0
  y: 12.0
  heading: 2.356194490192345
- x: -46.0
  y: 24.0
  heading: 2.356194490192345
- x: -55.0
  y: 45.0
  heading: 1.5707963267948966
constraints:
  maximumVelocity: 25.0
  maximumAcceleration: 40.0
  maximumAngularVelocity: 3.490658503988659
  maximumAngularAcceleration: 6.283185307179586
resolution: 250
