---
poses:
- x: 0.0
  y: 0.0
  heading: 0.0
- x: 0.0
  y: 0.0
  heading: 1.5707963267948966
constraints:
  maximumVelocity: 25.0
  maximumAcceleration: 40.0
  maximumAngularVelocity: 3.141592653589793
  maximumAngularAcceleration: 6.283185307179586
