---
poses:
- x: 12.0
  y: -22.0
  heading: -0.7853981633974483
- x: 47.0
  y: -24.0
  heading: -0.7853981633974483
- x: 55.0
  y: -45.0
  heading: -1.5707963267948966
constraints:
  maximumVelocity: 25.0
  maximumAcceleration: 40.0
  maximumAngularVelocity: 3.141592653589793
  maximumAngularAcceleration: 6.283185307179586
resolution: 300
