---
poses:
- x: 0.0
  y: 0.0
  heading: 0.0
- x: 36.0
  y: 36.0
  heading: 0.0
constraints:
  maximumVelocity: 24.0
  maximumAcceleration: 24.0
  maximumAngularVelocity: 2.6179938779914944
  maximumAngularAcceleration: 4.363323129985823
